0 2.4336e-07 1.115e-07 1.2084e-07 
800 0.00165857 0.00110012 0.00096424 
1600 0.00324148 0.00370348 0.00379851 
2400 0.00708718 0.0078827 0.00806347 
3200 0.0122731 0.0138927 0.015074 
4000 0.019361 0.0203795 0.0216905 
4800 0.0266497 0.0297683 0.0307772 
5600 0.0371166 0.0393828 0.0407743 
6400 0.0489198 0.0502598 0.0550665 
7200 0.062366 0.0653394 0.06715 
8000 0.0706708 0.0772263 0.0814002 
8800 0.0906919 0.0925834 0.0983217 
9600 0.106075 0.111982 0.116047 
10400 0.122262 0.127503 0.140595 
11200 0.140159 0.1478 0.158937 
12000 0.163872 0.168946 0.187542 
12800 0.182635 0.193586 0.210898 
13600 0.207615 0.21603 0.233142 
14400 0.234596 0.241557 0.262082 
15200 0.259061 0.269133 0.290667 
16000 0.288526 0.302712 0.319916 
16800 0.312575 0.331218 0.357407 
17600 0.343804 0.363045 0.385298 
18400 0.379628 0.392192 0.425437 
19200 0.428143 0.435596 0.460551 
20000 0.440035 0.473736 0.499634 
20800 0.481869 0.508349 0.535987 
21600 0.515658 0.544673 0.588962 
22400 0.569467 0.59031 0.630029 
23200 0.606932 0.632048 0.675444 
24000 0.639794 0.675059 0.712884 
24800 0.688416 0.719586 0.766595 
25600 0.729361 0.767681 0.820456 
26400 0.787473 0.824481 0.874986 
27200 0.830326 0.867629 0.925872 
28000 0.895923 0.910205 0.971912 
28800 0.938977 0.999882 1.10738 
29600 1.00357 1.09895 1.09591 
30400 1.03148 1.13128 1.15196 
31200 1.09033 1.13674 1.21863 
32000 1.14083 1.19934 1.27604 
32800 1.19318 1.2496 1.33141 
33600 1.26608 1.31315 1.41302 
34400 1.3185 1.37806 1.46547 
35200 1.38197 1.44373 1.53636 
36000 1.44485 1.50708 1.60968 
36800 1.50656 1.57074 1.67978 
37600 1.58219 1.63851 1.75769 
